python 3.11.7  numpy 2.4.6  pandas 3.0.5
params: {"seed": 42, "h_s": 0.1, "n_frames": 100, "n_trials": 200, "sigma_m": 0.1, "theta_deg": 15.0, "offsets_ms": [0, 50, 100, 150, 200], "speeds_mps": [5.0, 10.0, 20.0, 30.0], "decels_mps2": [0.0, 2.0, 4.0, 6.0, 8.0], "brake_v0_mps": 20.0, "brake_onset_s": 5.0, "brake_window_s": [5.0, 8.0], "const_window_s": [1.0, 10.0], "threshold_m": 0.5, "windows_cv": [3, 5, 9], "windows_ca": [5, 9], "default_n": 5, "data": "synthetic"}
results.csv: 190 dong

[C1] const-speed, uncomp: |along bias| vs v*dt
 v0_mps  offset_ms  rmse_m  along_bias_m  vdt_nominal_m  ratio_nominal
 5.0000          0  0.1424        0.0002         0.0000            NaN
 5.0000         50  0.2875       -0.2498         0.2500         0.9991
 5.0000        100  0.5197       -0.4998         0.5000         0.9996
 5.0000        150  0.7632       -0.7498         0.7500         0.9997
 5.0000        200  1.0099       -0.9998         1.0000         0.9998
10.0000          0  0.1424        0.0002         0.0000            NaN
10.0000         50  0.5197       -0.4998         0.5000         0.9996
10.0000        100  1.0099       -0.9998         1.0000         0.9998
10.0000        150  1.5065       -1.4998         1.5000         0.9999
10.0000        200  2.0048       -1.9998         2.0000         0.9999
20.0000          0  0.1424        0.0002         0.0000            NaN
20.0000         50  1.0099       -0.9998         1.0000         0.9998
20.0000        100  2.0048       -1.9998         2.0000         0.9999
20.0000        150  3.0032       -2.9998         3.0000         0.9999
20.0000        200  4.0023       -3.9998         4.0000         0.9999
30.0000          0  0.1424        0.0002         0.0000            NaN
30.0000         50  1.5065       -1.4998         1.5000         0.9999
30.0000        100  3.0032       -2.9998         3.0000         0.9999
30.0000        150  4.5020       -4.4998         4.5000         1.0000
30.0000        200  6.0015       -5.9998         6.0000         1.0000

[C2] const-speed, comp_cv N=5: rmse + % reduction
 v0_mps  offset_ms  rmse_m  rmse_reduction_pct
 5.0000          0  0.1102                 NaN
 5.0000         50  0.1292             55.0745
 5.0000        100  0.1491             71.3086
 5.0000        150  0.1697             77.7691
 5.0000        200  0.1907             81.1213
10.0000          0  0.1102                 NaN
10.0000         50  0.1292             75.1437
10.0000        100  0.1491             85.2356
10.0000        150  0.1697             88.7381
10.0000        200  0.1907             90.4905
20.0000          0  0.1102                 NaN
20.0000         50  0.1292             87.2091
20.0000        100  0.1491             92.5629
20.0000        150  0.1697             94.3505
20.0000        200  0.1907             95.2365
30.0000          0  0.1102                 NaN
30.0000         50  0.1292             91.4259
30.0000        100  0.1491             95.0352
30.0000        150  0.1697             96.2314
30.0000        200  0.1907             96.8233

[C3] brake, uncomp: ratio vs nominal / instantaneous speed
 decel_mps2  offset_ms  rmse_m  along_bias_m  vdt_nominal_m  vdt_inst_m  ratio_nominal  ratio_inst
     0.0000          0  0.1441       -0.0002         0.0000      0.0000            NaN         NaN
     0.0000         50  1.0105       -1.0002         1.0000      1.0000         1.0002      1.0002
     0.0000        100  2.0054       -2.0002         2.0000      2.0000         1.0001      1.0001
     0.0000        150  3.0037       -3.0002         3.0000      3.0000         1.0001      1.0001
     0.0000        200  4.0028       -4.0002         4.0000      4.0000         1.0001      1.0001
     2.0000          0  0.1441       -0.0002         0.0000      0.0000            NaN         NaN
     2.0000         50  0.8692       -0.8526         1.0000      0.8500         0.8526      1.0031
     2.0000        100  1.7251       -1.7099         2.0000      1.7000         0.8549      1.0058
     2.0000        150  2.5897       -2.5719         3.0000      2.5500         0.8573      1.0086
     2.0000        200  3.4598       -3.4386         4.0000      3.4000         0.8596      1.0114
     4.0000          0  0.1441       -0.0002         0.0000      0.0000            NaN         NaN
     4.0000         50  0.7413       -0.7050         1.0000      0.7000         0.7050      1.0072
     4.0000        100  1.4706       -1.4196         2.0000      1.4000         0.7098      1.0140
     4.0000        150  2.2136       -2.1436         3.0000      2.1000         0.7145      1.0208
     4.0000        200  2.9667       -2.8770         4.0000      2.8000         0.7192      1.0275
     6.0000          0  0.1441       -0.0002         0.0000      0.0000            NaN         NaN
     6.0000         50  0.6347       -0.5575         1.0000      0.5500         0.5575      1.0136
     6.0000        100  1.2575       -1.1292         2.0000      1.1000         0.5646      1.0266
     6.0000        150  1.8982       -1.7153         3.0000      1.6500         0.5718      1.0396
     6.0000        200  2.5525       -2.3154         4.0000      2.2000         0.5788      1.0524
     8.0000          0  0.1443        0.0002         0.0000      0.0000            NaN         NaN
     8.0000         50  0.6194       -0.5294         1.0000      0.5200         0.5294      1.0180
     8.0000        100  1.2299       -1.0782         2.0000      1.0400         0.5391      1.0367
     8.0000        150  1.8618       -1.6458         3.0000      1.5600         0.5486      1.0550
     8.0000        200  2.5105       -2.2318         4.0000      2.0800         0.5579      1.0730

[C4/C5] brake, compensated residual
 decel_mps2  offset_ms  method window_n  rmse_m  along_bias_m  along_bias_steady_m  pred_bias_steady_m  frac_gt_thr  rmse_reduction_pct
     0.0000          0 comp_cv        3  0.1315       -0.0002                  NaN                 NaN       0.0000                 NaN
     0.0000          0 comp_cv        5  0.1118       -0.0001                  NaN                 NaN       0.0000                 NaN
     0.0000          0 comp_cv        9  0.0889       -0.0001                  NaN                 NaN       0.0000                 NaN
     0.0000          0 comp_ca        5  0.1356       -0.0003                  NaN                 NaN       0.0000                 NaN
     0.0000          0 comp_ca        9  0.1176       -0.0001                  NaN                 NaN       0.0000                 NaN
     0.0000         50 comp_cv        3  0.1736       -0.0003                  NaN                 NaN       0.0000             82.8168
     0.0000         50 comp_cv        5  0.1310       -0.0001                  NaN                 NaN       0.0000             87.0339
     0.0000         50 comp_cv        9  0.0968       -0.0002                  NaN                 NaN       0.0000             90.4193
     0.0000         50 comp_ca        5  0.2092       -0.0005                  NaN                 NaN       0.0023             79.2998
     0.0000         50 comp_ca        9  0.1480       -0.0002                  NaN                 NaN       0.0000             85.3516
     0.0000        100 comp_cv        3  0.2194       -0.0004                  NaN                 NaN       0.0053             89.0571
     0.0000        100 comp_cv        5  0.1512       -0.0002                  NaN                 NaN       0.0000             92.4597
     0.0000        100 comp_cv        9  0.1050       -0.0002                  NaN                 NaN       0.0000             94.7659
     0.0000        100 comp_ca        5  0.3082       -0.0008                  NaN                 NaN       0.0731             84.6317
     0.0000        100 comp_ca        9  0.1839       -0.0002                  NaN                 NaN       0.0008             90.8282
     0.0000        150 comp_cv        3  0.2670       -0.0005                  NaN                 NaN       0.0289             91.1098
     0.0000        150 comp_cv        5  0.1720       -0.0002                  NaN                 NaN       0.0005             94.2724
     0.0000        150 comp_cv        9  0.1133       -0.0003                  NaN                 NaN       0.0000             96.2284
     0.0000        150 comp_ca        5  0.4292       -0.0012                  NaN                 NaN       0.2548             85.7111
     0.0000        150 comp_ca        9  0.2248       -0.0003                  NaN                 NaN       0.0077             92.5148
     0.0000        200 comp_cv        3  0.3156       -0.0006                  NaN                 NaN       0.0839             92.1158
     0.0000        200 comp_cv        5  0.1933       -0.0003                  NaN                 NaN       0.0011             95.1708
     0.0000        200 comp_cv        9  0.1217       -0.0003                  NaN                 NaN       0.0000             96.9584
     0.0000        200 comp_ca        5  0.5708       -0.0016                  NaN                 NaN       0.4658             85.7412
     0.0000        200 comp_ca        9  0.2704       -0.0003                  NaN                 NaN       0.0371             93.2441
     2.0000          0 comp_cv        3  0.1315        0.0030               0.0027              0.0033       0.0000                 NaN
     2.0000          0 comp_cv        5  0.1134        0.0184               0.0195              0.0200       0.0000                 NaN
     2.0000          0 comp_cv        9  0.1231        0.0815               0.0926              0.0933       0.0000                 NaN
     2.0000          0 comp_ca        5  0.1356       -0.0001              -0.0004              0.0000       0.0000                 NaN
     2.0000          0 comp_ca        9  0.1177        0.0017              -0.0008              0.0000       0.0000                 NaN
     2.0000         50 comp_cv        3  0.1743        0.0147               0.0152              0.0158       0.0000             79.9532
     2.0000         50 comp_cv        5  0.1369        0.0390               0.0422              0.0425       0.0000             84.2467
     2.0000         50 comp_cv        9  0.1570        0.1179               0.1352              0.1358       0.0000             81.9353
     2.0000         50 comp_ca        5  0.2092        0.0002              -0.0004              0.0000       0.0023             75.9352
     2.0000         50 comp_ca        9  0.1483        0.0039              -0.0007              0.0000       0.0000             82.9402
     2.0000        100 comp_cv        3  0.2217        0.0309               0.0326              0.0333       0.0055             87.1512
     2.0000        100 comp_cv        5  0.1648        0.0637               0.0697              0.0700       0.0003             90.4482
     2.0000        100 comp_cv        9  0.1964        0.1577               0.1827              0.1833       0.0000             88.6124
     2.0000        100 comp_ca        5  0.3082        0.0010              -0.0005              0.0000       0.0721             82.1350
     2.0000        100 comp_ca        9  0.1846        0.0069              -0.0008              0.0000       0.0008             89.3016
     2.0000        150 comp_cv        3  0.2721        0.0513               0.0554              0.0558       0.0350             89.4915
     2.0000        150 comp_cv        5  0.1968        0.0924               0.1021              0.1025       0.0008             92.4009
     2.0000        150 comp_cv        9  0.2407        0.2008               0.2352              0.2358       0.0008             90.7043
     2.0000        150 comp_ca        5  0.4292        0.0021              -0.0014              0.0000       0.2553             83.4256
     2.0000        150 comp_ca        9  0.2260        0.0106              -0.0004              0.0000       0.0081             91.2716
     2.0000        200 comp_cv        3  0.3251        0.0759               0.0829              0.0833       0.0963             90.6025
     2.0000        200 comp_cv        5  0.2329        0.1248               0.1396              0.1400       0.0077             93.2689
     2.0000        200 comp_cv        9  0.2894        0.2471               0.2927              0.2933       0.0073             91.6353
     2.0000        200 comp_ca        5  0.5709        0.0038              -0.0017              0.0000       0.4660             83.4997
     2.0000        200 comp_ca        9  0.2725        0.0153              -0.0004              0.0000       0.0377             92.1252
     4.0000          0 comp_cv        3  0.1316        0.0061               0.0060              0.0067       0.0000                 NaN
     4.0000          0 comp_cv        5  0.1180        0.0370               0.0395              0.0400       0.0000                 NaN
     4.0000          0 comp_cv        9  0.1927        0.1631               0.1860              0.1867       0.0000                 NaN
     4.0000          0 comp_ca        5  0.1356       -0.0000              -0.0004              0.0000       0.0000                 NaN
     4.0000          0 comp_ca        9  0.1179        0.0035              -0.0008              0.0000       0.0000                 NaN
     4.0000         50 comp_cv        3  0.1762        0.0297               0.0310              0.0317       0.0002             76.2292
     4.0000         50 comp_cv        5  0.1536        0.0782               0.0847              0.0850       0.0003             79.2770
     4.0000         50 comp_cv        9  0.2661        0.2359               0.2710              0.2717       0.0006             64.1078
     4.0000         50 comp_ca        5  0.2092        0.0010              -0.0004              0.0000       0.0023             71.7771
     4.0000         50 comp_ca        9  0.1492        0.0080              -0.0007              0.0000       0.0000             79.8772
     4.0000        100 comp_cv        3  0.2284        0.0622               0.0660              0.0667       0.0074             84.4690
     4.0000        100 comp_cv        5  0.2005        0.1276               0.1397              0.1400       0.0005             86.3670
     4.0000        100 comp_cv        9  0.3489        0.3156               0.3660              0.3667       0.0313             76.2739
     4.0000        100 comp_ca        5  0.3083        0.0028              -0.0005              0.0000       0.0721             79.0362
     4.0000        100 comp_ca        9  0.1866        0.0140              -0.0008              0.0000       0.0008             87.3115
     4.0000        150 comp_cv        3  0.2872        0.1032               0.1113              0.1117       0.0473             87.0235
     4.0000        150 comp_cv        5  0.2577        0.1850               0.2046              0.2050       0.0111             88.3596
     4.0000        150 comp_cv        9  0.4403        0.4019               0.4711              0.4717       0.2989             80.1081
     4.0000        150 comp_ca        5  0.4295        0.0055              -0.0014              0.0000       0.2552             80.5983
     4.0000        150 comp_ca        9  0.2298        0.0215              -0.0004              0.0000       0.0092             89.6169
     4.0000        200 comp_cv        3  0.3527        0.1524               0.1663              0.1667       0.1348             88.1128
     4.0000        200 comp_cv        5  0.3244        0.2499               0.2796              0.2800       0.0618             89.0652
     4.0000        200 comp_cv        9  0.5398        0.4946               0.5861              0.5867       0.6655             81.8057
     4.0000        200 comp_ca        5  0.5714        0.0093              -0.0017              0.0000       0.4668             80.7385
     4.0000        200 comp_ca        9  0.2787        0.0309              -0.0004              0.0000       0.0444             90.6055
     6.0000          0 comp_cv        3  0.1318        0.0093               0.0093              0.0100       0.0000                 NaN
     6.0000          0 comp_cv        5  0.1254        0.0555               0.0595              0.0600       0.0000                 NaN
     6.0000          0 comp_cv        9  0.2716        0.2447               0.2793              0.2800       0.0005                 NaN
     6.0000          0 comp_ca        5  0.1356        0.0001              -0.0004              0.0000       0.0000                 NaN
     6.0000          0 comp_ca        9  0.1183        0.0053              -0.0008              0.0000       0.0000                 NaN
     6.0000         50 comp_cv        3  0.1794        0.0447               0.0469              0.0475       0.0002             71.7281
     6.0000         50 comp_cv        5  0.1781        0.1173               0.1272              0.1275       0.0003             71.9466
     6.0000         50 comp_cv        9  0.3844        0.3539               0.4069              0.4075       0.0742             39.4386
     6.0000         50 comp_ca        5  0.2093        0.0018              -0.0004              0.0000       0.0023             67.0312
     6.0000         50 comp_ca        9  0.1506        0.0121              -0.0007              0.0000       0.0000             76.2676
     6.0000        100 comp_cv        3  0.2393        0.0935               0.0993              0.1000       0.0103             80.9717
     6.0000        100 comp_cv        5  0.2490        0.1915               0.2097              0.2100       0.0047             80.2010
     6.0000        100 comp_cv        9  0.5103        0.4735               0.5493              0.5500       0.6082             59.4162
     6.0000        100 comp_ca        5  0.3085        0.0046              -0.0005              0.0000       0.0719             75.4690
     6.0000        100 comp_ca        9  0.1900        0.0211              -0.0008              0.0000       0.0013             84.8918
     6.0000        150 comp_cv        3  0.3109        0.1550               0.1671              0.1675       0.0719             83.6204
     6.0000        150 comp_cv        5  0.3356        0.2776               0.3071              0.3075       0.0624             82.3222
     6.0000        150 comp_cv        9  0.6486        0.6030               0.7069              0.7075       0.8145             65.8323
     6.0000        150 comp_ca        5  0.4300        0.0088              -0.0014              0.0000       0.2561             77.3494
     6.0000        150 comp_ca        9  0.2361        0.0324              -0.0004              0.0000       0.0113             87.5610
     6.0000        200 comp_cv        3  0.3944        0.2289               0.2496              0.2500       0.2037             84.5481
     6.0000        200 comp_cv        5  0.4363        0.3750               0.4196              0.4200       0.2860             82.9064
     6.0000        200 comp_cv        9  0.7985        0.7420               0.8794              0.8800       0.8352             68.7166
     6.0000        200 comp_ca        5  0.5724        0.0147              -0.0017              0.0000       0.4679             77.5751
     6.0000        200 comp_ca        9  0.2889        0.0465              -0.0004              0.0000       0.0553             88.6813
     8.0000          0 comp_cv        3  0.1321        0.0128               0.0131              0.0133       0.0000                 NaN
     8.0000          0 comp_cv        5  0.1343        0.0729               0.0798              0.0800       0.0000                 NaN
     8.0000          0 comp_cv        9  0.3467        0.3156               0.3733              0.3733       0.0148                 NaN
     8.0000          0 comp_ca        5  0.1357        0.0009               0.0002              0.0000       0.0000                 NaN
     8.0000          0 comp_ca        9  0.1185        0.0091              -0.0006              0.0000       0.0000                 NaN
     8.0000         50 comp_cv        3  0.1840        0.0595               0.0632              0.0633       0.0004             70.2935
     8.0000         50 comp_cv        5  0.2057        0.1536               0.1700              0.1700       0.0002             66.7851
     8.0000         50 comp_cv        9  0.4944        0.4554               0.5435              0.5433       0.5682             20.1725
     8.0000         50 comp_ca        5  0.2097        0.0038               0.0003              0.0000       0.0018             66.1375
     8.0000         50 comp_ca        9  0.1529        0.0203              -0.0007              0.0000       0.0000             75.3206
     8.0000        100 comp_cv        3  0.2536        0.1234               0.1332              0.1333       0.0160             79.3827
     8.0000        100 comp_cv        5  0.3007        0.2498               0.2800              0.2800       0.0218             75.5532
     8.0000        100 comp_cv        9  0.6581        0.6076               0.7335              0.7333       0.7900             46.4900
     8.0000        100 comp_ca        5  0.3095        0.0088               0.0005              0.0000       0.0750             74.8374
     8.0000        100 comp_ca        9  0.1959        0.0350              -0.0011              0.0000       0.0016             84.0701
     8.0000        150 comp_cv        3  0.3404        0.2036               0.2237              0.2233       0.1126             81.7168
     8.0000        150 comp_cv        5  0.4152        0.3609               0.4098              0.4100       0.2230             77.6991
     8.0000        150 comp_cv        9  0.8367        0.7715               0.9437              0.9433       0.8166             55.0607
     8.0000        150 comp_ca        5  0.4317        0.0162              -0.0003              0.0000       0.2602             76.8109
     8.0000        150 comp_ca        9  0.2476        0.0537              -0.0007              0.0000       0.0192             86.6999
     8.0000        200 comp_cv        3  0.4441        0.2995               0.3338              0.3333       0.2932             82.3097
     8.0000        200 comp_cv        5  0.5473        0.4859               0.5597              0.5600       0.5910             78.1984
     8.0000        200 comp_cv        9  1.0294        0.9461               1.1737              1.1733       0.8308             58.9973
     8.0000        200 comp_ca        5  0.5754        0.0263              -0.0005              0.0000       0.4698             77.0825
     8.0000        200 comp_ca        9  0.3079        0.0767              -0.0010              0.0000       0.0822             87.7340
